function [M,K,f,yl,W] = Assemble() 

% This function assembles mass matrix [M], damping matrix [C], 
% stiffness matrix [K] and the force vector

 m1  = 9*10^3;
 m2  = 9*10^3;
 m3  = 5*10^3;
 m4  = 5*10^3;
 m5  = 5*10^3;
 m6  = 4*10^3;
 m7  = 3*10^3;
 m8  = 3*10^3; 
 m9  = 2*10^3;
 m10 = 2*10^3;
 
 EIc1  = 15.3*10^6;
 EIc2  = 14.7*10^6;
 EIc3  = 14.7*10^6;
 EIc4  = 14.4*10^6;
 EIc5  = 14.4*10^6;
 EIc6  = 14.1*10^6;
 EIc7  = 14.1*10^6;
 EIc8  = 13.5*10^6;
 EIc9  = 13.5*10^6;
 EIc10 = 13.5*10^6;
 
 EIc1  = 15*10^6;
 EIc2  = 14*10^6;
 EIc3  = 14*10^6;
 EIc4  = 13*10^6;
 EIc5  = 13*10^6;
 EIc6  = 12*10^6;
 EIc7  = 12*10^6;
 EIc8  = 11*10^6;
 EIc9  = 11*10^6;
 EIc10 = 11*10^6;

 h1    = 4;
 h2    = 4;
 h3    = 3;  
 h4    = 3;  
 h5    = 3; 
 h6    = 3; 
 h7    = 3;  
 h8    = 2; 
 h9    = 2; 
 h10   = 2;

 k1    = 2*12*EIc1/(h1^3); 
 k2    = 2*12*EIc2/(h2^3);
 k3    = 2*12*EIc3/(h3^3);
 k4    = 2*12*EIc4/(h4^3);
 k5    = 2*12*EIc5/(h5^3);
 k6    = 2*12*EIc6/(h6^3);
 k7    = 2*12*EIc7/(h7^3);
 k8    = 2*12*EIc8/(h8^3);
 k9    = 2*12*EIc9/(h9^3);
 k10   = 2*12*EIc10/(h10^3);

%
% Build the structure
%

 W       = 10;

 yl(1)   = 0;
 yl(2)   = h1;
 yl(3)   = h1+h2;
 yl(4)   = h1+h2+h3;
 yl(5)   = h1+h2+h3+h4;
 yl(6)   = h1+h2+h3+h4+h5;
 yl(7)   = h1+h2+h3+h4+h5+h6;
 yl(8)   = h1+h2+h3+h4+h5+h6+h7;
 yl(9)   = h1+h2+h3+h4+h5+h6+h7+h8;
 yl(10)  = h1+h2+h3+h4+h5+h6+h7+h8+h9;
 yl(11)  = h1+h2+h3+h4+h5+h6+h7+h8+h9+h10;

%
% set the mass, stiffness and damping matrices
%

 M     = [m1, 0, 0, 0, 0, 0, 0, 0, 0, 0; 
          0, m2, 0, 0, 0, 0, 0, 0, 0, 0;
          0, 0, m3, 0, 0, 0, 0, 0, 0, 0;
          0, 0, 0, m4, 0, 0, 0, 0, 0, 0;
          0, 0, 0, 0, m5, 0, 0, 0, 0, 0;
          0, 0, 0, 0, 0, m6, 0, 0, 0, 0;
          0, 0, 0, 0, 0, 0, m7, 0, 0, 0;
          0, 0, 0, 0, 0, 0, 0, m8, 0, 0;
          0, 0, 0, 0, 0, 0, 0, 0, m9, 0;
          0, 0, 0, 0, 0, 0, 0, 0, 0, m10]; 

 K     = [k1+k2, -k2,     0,      0,      0,      0,      0,      0,      0,       0; 
         -k2,     k2+k3, -k3,     0,      0,      0,      0,      0,      0,       0;
          0,     -k3,     k3+k4, -k4,     0,      0,      0,      0,      0,       0;
          0,      0,     -k4,     k4+k5, -k5,     0,      0,      0,      0,       0;
          0,      0,      0,     -k5,     k5+k6, -k6,     0,      0,      0,       0;
          0,      0,      0,      0,     -k6,     k6+k7, -k7,     0,      0,       0;
          0,      0,      0,      0,      0,     -k7,     k7+k8, -k8,     0,       0;
          0,      0,      0,      0,      0,      0,     -k8,     k8+k9, -k9,      0;
          0,      0,      0,      0,      0,      0,      0,     -k9,     k9+k10, -k10;
          0,      0,      0,      0,      0,      0,      0,      0,     -k10,     k10]; 
          
 f     = [0; 0; 0; 0; 0; 0; 0; 0; 0; 0]; 
 
end
